0 34 36 14 42 19 45 181 894 1961 931 107 889 312 41 22 16 8 4 6 4 1 17 2 9 7 3 5 17 8 12 7 9 3 7 12 11 5 6 1 3 1 2 5 6 12 8 19 11 16 15 16 11 19 8 12 6 5 2 1 3 1 6 5 11 12 7 3 9 7 12 8 17 5 3 7 9 2 17 1 4 6 4 8 16 22 41 312 889 107 931 1961 894 181 45 19 42 14 36 34 
2 2 3 2 7 5 10 12 49 57 14 6 22 142 23 7 2 2 1 1 2 0 0 1 1 1 0 1 1 1 1 1 0 1 2 1 1 0 1 0 1 1 0 1 0 1 0 0 0 0 0 0 0 0 0 1 0 1 0 1 1 0 1 0 1 1 2 1 0 1 1 1 1 1 0 1 1 1 0 0 2 1 1 2 2 7 23 142 22 6 14 57 49 12 10 5 7 2 3 2 
0 13 20 12 36 22 42 105 247 399 308 207 422 608 83 28 17 7 3 2 4 3 5 2 2 0 1 0 1 1 1 0 0 1 1 1 1 0 0 0 0 0 0 0 0 0 0 0 0 0 0 0 0 0 0 0 0 0 0 0 0 0 0 0 1 1 1 1 0 0 1 1 1 0 1 0 2 2 5 3 4 2 3 7 17 28 83 608 422 207 308 399 247 105 42 22 36 12 20 13 
2 1 1 7 11 14 23 34 53 8 45 31 27 157 10 3 4 6 6 5 3 0 2 2 3 5 4 3 2 1 0 0 1 1 1 1 1 1 2 2 4 4 5 6 5 2 1 0 0 1 2 1 0 0 1 2 5 6 5 4 4 2 2 1 1 1 1 1 1 0 0 1 2 3 4 5 3 2 2 0 3 5 6 6 4 3 10 157 27 31 45 8 53 34 23 14 11 7 1 1 
0 4 0 0 5 5 8 13 116 320 30 16 0 8 2 1 1 5 3 2 4 10 8 2 1 0 0 0 1 1 1 2 4 1 1 2 1 1 1 1 5 8 7 3 8 7 4 4 3 2 0 2 3 4 4 7 8 3 7 8 5 1 1 1 1 2 1 1 4 2 1 1 1 0 0 0 1 2 8 10 4 2 3 5 1 1 2 8 0 16 30 320 116 13 8 5 5 0 0 4 
0 6 13 16 19 20 63 139 282 501 189 88 21 5 17 26 22 15 13 9 1 0 2 3 0 1 2 2 0 3 5 5 3 5 7 11 16 12 7 0 0 0 2 4 2 0 1 1 0 2 3 2 0 1 1 0 2 4 2 0 0 0 7 12 16 11 7 5 3 5 5 3 0 2 2 1 0 3 2 0 1 9 13 15 22 26 17 5 21 88 189 501 282 139 63 20 19 16 13 6 
17 5 10 1 10 4 7 35 358 1163 106 30 18 6 7 1 2 1 0 1 2 1 1 0 0 0 0 1 1 2 1 1 4 3 3 3 4 4 1 4 4 5 3 0 0 0 0 0 0 0 0 0 0 0 0 0 0 0 3 5 4 4 1 4 4 3 3 3 4 1 1 2 1 1 0 0 0 0 1 1 2 1 0 1 2 1 7 6 18 30 106 1163 358 35 7 4 10 1 10 5 
0 0 0 0 0 1 4 8 49 316 21 8 2 4 1 1 1 1 0 0 0 0 0 0 0 0 0 0 0 0 0 0 0 0 0 0 0 0 0 0 0 0 0 0 0 0 0 0 0 0 0 0 0 0 0 0 0 0 0 0 0 0 0 0 0 0 0 0 0 0 0 0 0 0 0 0 0 0 0 0 0 0 0 1 1 1 1 4 2 8 21 316 49 8 4 1 0 0 0 0 
1 0 0 0 1 1 2 6 28 89 5 2 1 0 0 0 0 0 0 0 0 0 0 0 0 0 0 0 0 0 0 0 0 0 0 0 0 0 0 0 0 0 0 0 0 0 0 0 0 0 0 0 0 0 0 0 0 0 0 0 0 0 0 0 0 0 0 0 0 0 0 0 0 0 0 0 0 0 0 0 0 0 0 0 0 0 0 0 1 2 5 89 28 6 2 1 1 0 0 0 
0 0 0 0 0 0 0 1 18 55 1 0 0 0 0 0 0 0 0 0 0 0 0 0 0 0 0 0 0 0 0 0 0 0 0 0 0 0 0 0 0 0 0 0 0 0 0 0 0 0 0 0 0 0 0 0 0 0 0 0 0 0 0 0 0 0 0 0 0 0 0 0 0 0 0 0 0 0 0 0 0 0 0 0 0 0 0 0 0 0 1 55 18 1 0 0 0 0 0 0 
0 0 0 0 0 0 0 0 0 1 0 0 0 0 0 0 0 0 0 0 0 0 0 0 0 0 0 0 0 0 0 0 0 0 0 0 0 0 0 0 0 0 0 0 0 0 0 0 0 0 0 0 0 0 0 0 0 0 0 0 0 0 0 0 0 0 0 0 0 0 0 0 0 0 0 0 0 0 0 0 0 0 0 0 0 0 0 0 0 0 0 1 0 0 0 0 0 0 0 0 
4 32 7 7 24 34 48 121 399 445 432 99 261 56 55 0 2 5 8 4 14 5 5 1 9 2 3 4 0 5 7 0 4 4 0 2 2 3 3 9 1 1 11 8 12 9 15 9 6 0 0 0 6 9 15 9 12 8 11 1 1 9 3 3 2 2 0 4 4 0 7 5 0 4 3 2 9 1 5 5 14 4 8 5 2 0 55 56 261 99 432 445 399 121 48 34 24 7 7 32 
0 0 1 3 0 1 0 0 1 4 12 4 33 230 25 4 2 2 1 0 1 0 1 0 0 0 0 0 0 0 0 0 0 0 0 0 0 0 0 0 0 0 0 0 0 0 0 0 0 0 0 0 0 0 0 0 0 0 0 0 0 0 0 0 0 0 0 0 0 0 0 0 0 0 0 0 0 0 1 0 1 0 1 2 2 4 25 230 33 4 12 4 1 0 0 1 0 3 1 0 
5 0 6 17 38 20 22 58 776 1101 76 54 127 55 15 10 10 10 8 9 12 4 6 2 2 4 5 0 0 3 1 6 27 21 14 17 23 12 9 8 2 1 1 1 2 0 1 12 0 7 7 7 0 12 1 0 2 1 1 1 2 8 9 12 23 17 14 21 27 6 1 3 0 0 5 4 2 2 6 4 12 9 8 10 10 10 15 55 127 54 76 1101 776 58 22 20 38 17 6 0 
1 1 0 5 3 5 10 27 158 941 11 11 6 5 0 0 1 0 0 1 0 0 0 0 0 0 0 0 0 0 0 0 0 0 0 0 0 0 0 0 0 0 0 0 0 0 0 0 0 0 0 0 0 0 0 0 0 0 0 0 0 0 0 0 0 0 0 0 0 0 0 0 0 0 0 0 0 0 0 0 0 1 0 0 1 0 0 5 6 11 11 941 158 27 10 5 3 5 0 1 
0 11 8 9 35 30 40 56 381 959 169 23 8 2 3 5 10 2 1 2 3 1 0 0 1 2 1 1 1 7 23 12 9 2 1 3 1 1 1 4 3 12 6 5 1 1 2 1 1 0 0 0 1 1 2 1 1 5 6 12 3 4 1 1 1 3 1 2 9 12 23 7 1 1 1 2 1 0 0 1 3 2 1 2 10 5 3 2 8 23 169 959 381 56 40 30 35 9 8 11 
3 1 2 2 1 2 2 6 53 341 50 19 20 9 5 5 3 0 0 0 0 0 1 1 2 3 4 4 4 4 2 5 4 1 1 0 0 0 2 2 3 4 7 7 8 9 8 8 8 10 7 10 8 8 8 9 8 7 7 4 3 2 2 0 0 0 1 1 4 5 2 4 4 4 4 3 2 1 1 0 0 0 0 0 3 5 5 9 20 19 50 341 53 6 2 2 1 2 2 1 
0 1 0 0 1 0 1 4 18 43 42 35 10 1 2 1 2 2 1 1 1 0 0 0 0 0 0 0 0 5 0 12 1 1 1 0 1 0 0 0 0 12 2 1 0 0 0 0 1 2 3 2 1 0 0 0 0 1 2 12 0 0 0 0 1 0 1 1 1 12 0 5 0 0 0 0 0 0 0 0 1 1 1 2 2 1 2 1 10 35 42 43 18 4 1 0 1 0 0 1 
11 8 2 0 1 3 5 9 15 144 147 84 44 15 3 0 0 0 3 12 18 15 5 0 9 19 23 17 20 37 42 47 30 10 4 8 11 5 2 7 9 8 10 22 33 27 24 20 34 40 60 40 34 20 24 27 33 22 10 8 9 7 2 5 11 8 4 10 30 47 42 37 20 17 23 19 9 0 5 15 18 12 3 0 0 0 3 15 44 84 147 144 15 9 5 3 1 0 2 8 
2 2 0 1 0 0 0 2 2 1 135 18 7 8 1 0 4 2 2 2 1 4 5 7 1 1 2 4 7 7 4 9 6 4 1 3 1 0 0 1 2 15 13 0 3 3 0 4 3 3 0 3 3 4 0 3 3 0 13 15 2 1 0 0 1 3 1 4 6 9 4 7 7 4 2 1 1 7 5 4 1 2 2 2 4 0 1 8 7 18 135 1 2 2 0 0 0 1 0 2 
2 4 0 0 1 0 0 0 1 13 4 3 9 6 7 5 5 8 9 7 1 0 1 2 0 2 3 1 0 2 4 5 4 5 3 5 11 10 5 0 0 0 1 2 1 0 1 0 1 1 5 1 1 0 1 0 1 2 1 0 0 0 5 10 11 5 3 5 4 5 4 2 0 1 3 2 0 2 1 0 1 7 9 8 5 5 7 6 9 3 4 13 1 0 0 0 1 0 0 4 
0 0 0 0 0 0 1 1 0 2 4 0 0 0 0 0 0 0 0 0 0 0 0 0 0 1 0 0 1 1 0 0 0 0 1 0 1 1 0 1 1 1 2 0 1 0 0 0 0 1 0 1 0 0 0 0 1 0 2 1 1 1 0 1 1 0 1 0 0 0 0 1 1 0 0 1 0 0 0 0 0 0 0 0 0 0 0 0 0 0 4 2 0 1 1 0 0 0 0 0 
0 6 36 54 24 18 29 94 375 689 382 32 26 27 36 0 26 5 10 8 7 4 6 6 6 13 3 10 3 12 4 9 2 6 2 5 3 8 8 7 7 6 6 3 6 4 8 4 8 3 8 3 8 4 8 4 6 3 6 6 7 7 8 8 3 5 2 6 2 9 4 12 3 10 3 13 6 6 6 4 7 8 10 5 26 0 36 27 26 32 382 689 375 94 29 18 24 54 36 6 
1 2 0 8 2 0 1 0 3 8 16 55 189 893 8 2 2 2 1 1 0 0 0 1 0 1 0 0 0 0 0 0 0 0 0 0 0 0 0 0 0 0 0 0 0 0 0 0 0 0 0 0 0 0 0 0 0 0 0 0 0 0 0 0 0 0 0 0 0 0 0 0 0 0 0 1 0 1 0 0 0 1 1 2 2 2 8 893 189 55 16 8 3 0 1 0 2 8 0 2 
1 3 4 5 14 1 13 5 225 164 10 179 32 42 8 2 0 0 1 3 5 3 2 2 1 5 1 4 3 9 37 25 9 6 3 0 0 0 1 2 4 5 2 1 1 0 2 6 1 0 0 0 1 6 2 0 1 1 2 5 4 2 1 0 0 0 3 6 9 25 37 9 3 4 1 5 1 2 2 3 5 3 1 0 0 2 8 42 32 179 10 164 225 5 13 1 14 5 4 3 
0 0 0 0 0 2 5 11 73 246 82 23 11 5 1 1 1 1 1 0 0 0 0 0 0 0 1 1 0 0 0 0 0 0 0 0 0 0 0 0 1 3 0 0 0 0 0 0 0 0 2 0 0 0 0 0 0 0 0 3 1 0 0 0 0 0 0 0 0 0 0 0 0 1 1 0 0 0 0 0 0 0 1 1 1 1 1 5 11 23 82 246 73 11 5 2 0 0 0 0 
0 13 9 10 34 35 75 49 607 789 21 57 5 10 8 0 16 1 0 6 5 15 8 0 0 5 2 2 0 3 2 1 1 3 3 2 4 0 2 2 2 1 5 9 14 16 6 8 7 7 0 7 7 8 6 16 14 9 5 1 2 2 2 0 4 2 3 3 1 1 2 3 0 2 2 5 0 0 8 15 5 6 0 1 16 0 8 10 5 57 21 789 607 49 75 35 34 10 9 13 
2 0 0 7 3 7 11 20 125 586 40 13 4 5 3 1 1 1 0 2 0 0 0 0 0 0 0 0 0 0 0 0 0 0 0 1 0 0 0 0 0 0 0 0 0 0 0 0 0 0 0 0 0 0 0 0 0 0 0 0 0 0 0 0 0 1 0 0 0 0 0 0 0 0 0 0 0 0 0 0 0 2 0 1 1 1 3 5 4 13 40 586 125 20 11 7 3 7 0 0 
5 5 0 3 1 3 0 16 16 114 12 18 1 10 4 12 6 10 8 4 5 0 2 2 0 1 1 1 0 0 6 3 6 7 13 13 11 4 2 3 2 2 0 3 3 0 0 1 0 3 6 3 0 1 0 0 3 3 0 2 2 3 2 4 11 13 13 7 6 3 6 0 0 1 1 1 0 2 2 0 5 4 8 10 6 12 4 10 1 18 12 114 16 16 0 3 1 3 0 5 
0 0 0 0 0 0 1 2 18 58 4 2 0 1 0 0 0 0 0 0 0 0 0 0 0 0 0 0 0 0 0 0 0 0 0 0 0 0 0 0 0 0 0 0 0 0 0 0 0 0 0 0 0 0 0 0 0 0 0 0 0 0 0 0 0 0 0 0 0 0 0 0 0 0 0 0 0 0 0 0 0 0 0 0 0 0 0 1 0 2 4 58 18 2 1 0 0 0 0 0 
0 21 28 18 63 50 79 177 755 1469 748 243 752 234 89 16 22 5 12 17 7 0 0 2 3 4 0 0 4 0 0 2 0 0 0 3 2 6 3 3 1 2 0 0 0 1 0 0 4 4 1 4 4 0 0 1 0 0 0 2 1 3 3 6 2 3 0 0 0 2 0 0 4 0 0 4 3 2 0 0 7 17 12 5 22 16 89 234 752 243 748 1469 755 177 79 50 63 18 28 21 
0 1 2 1 4 4 7 16 51 45 14 9 25 140 14 3 2 2 3 2 1 1 1 2 1 1 1 1 1 0 0 0 0 0 1 0 0 1 1 1 0 0 1 1 0 0 0 1 0 0 0 0 0 1 0 0 0 1 1 0 0 1 1 1 0 0 1 0 0 0 0 0 1 1 1 1 1 2 1 1 1 2 3 2 2 3 14 140 25 9 14 45 51 16 7 4 4 1 2 1 
0 12 17 10 36 21 37 97 237 398 305 208 402 637 82 32 15 7 4 1 4 3 2 2 2 0 2 0 1 1 1 1 1 1 0 0 0 0 1 0 1 1 0 1 0 0 0 0 0 0 0 0 0 0 0 0 0 1 0 1 1 0 1 0 0 0 0 1 1 1 1 1 1 0 2 0 2 2 2 3 4 1 4 7 15 32 82 637 402 208 305 398 237 97 37 21 36 10 17 12 
0 1 0 2 5 7 16 29 52 12 51 34 36 165 4 1 1 0 0 0 0 0 2 3 2 0 0 0 1 2 2 1 0 0 0 0 0 0 1 1 2 1 0 0 0 0 1 1 1 1 1 1 1 1 1 0 0 0 0 1 2 1 1 0 0 0 0 0 0 1 2 2 1 0 0 0 2 3 2 0 0 0 0 0 1 1 4 165 36 34 51 12 52 29 16 7 5 2 0 1 
0 4 8 7 7 7 6 17 125 323 25 13 3 2 0 2 0 0 0 2 0 1 3 3 5 3 2 1 3 0 0 0 1 1 1 2 0 0 0 0 2 3 0 0 5 9 9 4 3 4 0 4 3 4 9 9 5 0 0 3 2 0 0 0 0 2 1 1 1 0 0 0 3 1 2 3 5 3 3 1 0 2 0 0 0 2 0 2 3 13 25 323 125 17 6 7 7 7 8 4 
3 12 24 24 15 7 25 75 187 368 124 53 11 0 9 14 13 6 2 8 7 5 0 2 4 9 15 12 5 1 7 6 2 1 0 2 4 5 6 4 1 1 2 1 1 0 0 1 1 2 1 2 1 1 0 0 1 1 2 1 1 4 6 5 4 2 0 1 2 6 7 1 5 12 15 9 4 2 0 5 7 8 2 6 13 14 9 0 11 53 124 368 187 75 25 7 15 24 24 12 
5 0 2 5 10 11 12 49 348 1168 106 27 17 10 17 12 8 3 0 0 0 0 2 2 2 1 0 2 3 6 7 7 3 2 1 2 3 0 1 2 1 0 0 0 1 1 6 8 4 1 0 1 4 8 6 1 1 0 0 0 1 2 1 0 3 2 1 2 3 7 7 6 3 2 0 1 2 2 2 0 0 0 0 3 8 12 17 10 17 27 106 1168 348 49 12 11 10 5 2 0 
0 0 0 0 0 1 4 8 52 331 21 8 2 3 1 1 1 0 0 0 0 0 0 0 0 0 0 0 0 0 0 0 0 0 0 0 0 0 0 0 0 0 0 0 0 0 0 0 0 0 0 0 0 0 0 0 0 0 0 0 0 0 0 0 0 0 0 0 0 0 0 0 0 0 0 0 0 0 0 0 0 0 0 0 1 1 1 3 2 8 21 331 52 8 4 1 0 0 0 0 
1 0 0 0 1 1 2 6 28 91 5 2 1 0 0 0 0 0 0 0 0 0 0 0 0 0 0 0 0 0 0 0 0 0 0 0 0 0 0 0 0 0 0 0 0 0 0 0 0 0 0 0 0 0 0 0 0 0 0 0 0 0 0 0 0 0 0 0 0 0 0 0 0 0 0 0 0 0 0 0 0 0 0 0 0 0 0 0 1 2 5 91 28 6 2 1 1 0 0 0 
0 0 0 0 0 0 0 1 18 56 1 0 0 0 0 0 0 0 0 0 0 0 0 0 0 0 0 0 0 0 0 0 0 0 0 0 0 0 0 0 0 0 0 0 0 0 0 0 0 0 0 0 0 0 0 0 0 0 0 0 0 0 0 0 0 0 0 0 0 0 0 0 0 0 0 0 0 0 0 0 0 0 0 0 0 0 0 0 0 0 1 56 18 1 0 0 0 0 0 0 
0 0 0 0 0 0 0 0 0 1 0 0 0 0 0 0 0 0 0 0 0 0 0 0 0 0 0 0 0 0 0 0 0 0 0 0 0 0 0 0 0 0 0 0 0 0 0 0 0 0 0 0 0 0 0 0 0 0 0 0 0 0 0 0 0 0 0 0 0 0 0 0 0 0 0 0 0 0 0 0 0 0 0 0 0 0 0 0 0 0 0 1 0 0 0 0 0 0 0 0 
2 7 18 16 18 15 38 78 320 356 347 138 211 38 43 2 20 3 2 12 4 0 14 18 5 0 2 0 0 4 0 4 1 1 1 5 2 4 3 11 0 4 6 0 3 4 6 2 4 5 0 5 4 2 6 4 3 0 6 4 0 11 3 4 2 5 1 1 1 4 0 4 0 0 2 0 5 18 14 0 4 12 2 3 20 2 43 38 211 138 347 356 320 78 38 15 18 16 18 7 
0 0 0 1 0 0 0 0 1 3 10 3 35 230 20 5 2 2 0 0 0 0 1 0 0 0 0 0 0 0 0 0 0 0 0 0 0 0 0 0 0 0 0 0 0 0 0 0 0 0 0 0 0 0 0 0 0 0 0 0 0 0 0 0 0 0 0 0 0 0 0 0 0 0 0 0 0 0 1 0 0 0 0 2 2 5 20 230 35 3 10 3 1 0 0 0 0 1 0 0 
2 10 6 6 40 10 19 128 957 1186 84 53 90 19 14 0 3 14 4 9 3 9 0 4 2 10 9 16 3 7 2 6 17 7 0 4 10 5 7 7 0 9 3 1 2 2 4 3 0 0 0 0 0 3 4 2 2 1 3 9 0 7 7 5 10 4 0 7 17 6 2 7 3 16 9 10 2 4 0 9 3 9 4 14 3 0 14 19 90 53 84 1186 957 128 19 10 40 6 6 10 
1 2 1 4 5 6 9 25 170 931 12 9 10 6 1 0 0 0 0 1 0 0 0 0 0 0 0 0 0 0 0 0 0 0 0 0 0 0 0 0 0 0 0 0 0 0 0 0 0 0 0 0 0 0 0 0 0 0 0 0 0 0 0 0 0 0 0 0 0 0 0 0 0 0 0 0 0 0 0 0 0 1 0 0 0 0 1 6 10 9 12 931 170 25 9 6 5 4 1 2 
0 8 12 10 26 23 24 70 442 858 137 18 10 6 7 12 4 0 1 1 0 0 0 0 0 0 0 0 0 3 3 4 1 0 0 0 0 0 0 0 0 4 1 1 0 0 0 0 0 0 0 0 0 0 0 0 0 1 1 4 0 0 0 0 0 0 0 0 1 4 3 3 0 0 0 0 0 0 0 0 0 1 1 0 4 12 7 6 10 18 137 858 442 70 24 23 26 10 12 8 
3 2 3 3 1 3 4 7 53 333 53 20 18 9 6 5 3 1 0 0 0 0 0 0 1 2 2 2 3 3 1 4 3 1 0 0 0 0 0 1 2 2 4 4 4 4 4 2 2 4 3 4 2 2 4 4 4 4 4 2 2 1 0 0 0 0 0 1 3 4 1 3 3 2 2 2 1 0 0 0 0 0 0 1 3 5 6 9 18 20 53 333 53 7 4 3 1 3 3 2 
0 2 1 0 1 0 1 2 14 45 39 32 7 2 3 1 1 1 2 1 0 0 0 0 0 0 0 0 0 4 0 13 1 1 1 1 0 0 0 0 0 12 1 1 0 0 0 0 1 2 2 2 1 0 0 0 0 1 1 12 0 0 0 0 0 1 1 1 1 13 0 4 0 0 0 0 0 0 0 0 0 1 2 1 1 1 3 2 7 32 39 45 14 2 1 0 1 0 1 2 
0 0 0 0 0 0 1 2 5 134 141 97 71 36 12 0 1 3 2 1 4 6 8 7 14 21 21 16 16 33 48 58 41 12 0 8 17 14 5 1 7 12 16 15 18 13 18 22 41 43 55 43 41 22 18 13 18 15 16 12 7 1 5 14 17 8 0 12 41 58 48 33 16 16 21 21 14 7 8 6 4 1 2 3 1 0 12 36 71 97 141 134 5 2 1 0 0 0 0 0 
3 3 2 1 0 1 1 0 2 4 140 19 2 7 0 3 0 0 0 4 0 3 4 2 3 1 0 0 0 2 5 11 5 3 1 2 0 0 0 1 1 7 2 1 2 5 5 5 4 5 0 5 4 5 5 5 2 1 2 7 1 1 0 0 0 2 1 3 5 11 5 2 0 0 0 1 3 2 4 3 0 4 0 0 0 3 0 7 2 19 140 4 2 0 1 1 0 1 2 3 
0 1 1 0 0 3 8 7 4 1 18 0 3 0 0 0 1 2 0 2 1 2 1 0 2 6 9 4 2 3 4 7 1 0 1 1 3 3 4 1 0 1 0 0 0 0 0 0 1 0 0 0 1 0 0 0 0 0 0 1 0 1 4 3 3 1 1 0 1 7 4 3 2 4 9 6 2 0 1 2 1 2 0 2 1 0 0 0 3 0 18 1 4 7 8 3 0 0 1 1 
0 1 0 0 0 0 0 0 0 1 3 0 0 0 0 1 2 2 1 1 1 1 2 1 0 0 0 2 3 3 2 1 0 0 0 0 0 0 0 0 0 1 1 1 1 0 2 2 1 1 0 1 1 2 2 0 1 1 1 1 0 0 0 0 0 0 0 0 0 1 2 3 3 2 0 0 0 1 2 1 1 1 1 2 2 1 0 0 0 0 3 1 0 0 0 0 0 0 0 1 
1 3 16 32 26 28 54 122 345 573 387 63 16 62 18 3 8 4 2 0 2 1 0 0 1 2 1 0 0 0 1 0 0 0 0 0 0 0 0 0 0 0 0 0 0 0 0 0 0 0 0 0 0 0 0 0 0 0 0 0 0 0 0 0 0 0 0 0 0 0 1 0 0 0 1 2 1 0 0 1 2 0 2 4 8 3 18 62 16 63 387 573 345 122 54 28 26 32 16 3 
1 2 0 7 1 0 1 0 5 11 19 57 196 909 9 3 3 2 2 1 0 0 0 0 0 0 0 0 0 0 0 0 0 0 0 0 0 0 0 0 0 0 0 0 0 0 0 0 0 0 0 0 0 0 0 0 0 0 0 0 0 0 0 0 0 0 0 0 0 0 0 0 0 0 0 0 0 0 0 0 0 1 2 2 3 3 9 909 196 57 19 11 5 0 1 0 1 7 0 2 
0 6 1 2 10 2 22 7 263 163 20 174 23 28 6 0 0 0 1 1 2 0 1 0 0 1 0 4 3 5 31 22 10 9 6 1 1 1 1 3 2 5 3 1 2 0 1 0 0 1 1 1 0 0 1 0 2 1 3 5 2 3 1 1 1 1 6 9 10 22 31 5 3 4 0 1 0 0 1 0 2 1 1 0 0 0 6 28 23 174 20 163 263 7 22 2 10 2 1 6 
0 0 0 0 0 1 5 11 73 252 77 23 11 4 1 2 1 1 1 1 0 0 0 0 0 0 1 0 0 0 0 0 0 0 0 0 0 0 0 0 0 3 0 0 0 0 0 0 0 0 2 0 0 0 0 0 0 0 0 3 0 0 0 0 0 0 0 0 0 0 0 0 0 0 1 0 0 0 0 0 0 1 1 1 1 2 1 4 11 23 77 252 73 11 5 1 0 0 0 0 
3 4 11 21 27 19 41 34 557 770 16 53 8 9 5 2 1 0 0 0 0 3 11 8 1 0 2 1 2 4 1 1 2 0 0 0 0 0 1 1 1 1 1 0 4 8 2 3 2 11 0 11 2 3 2 8 4 0 1 1 1 1 1 0 0 0 0 0 2 1 1 4 2 1 2 0 1 8 11 3 0 0 0 0 1 2 5 9 8 53 16 770 557 34 41 19 27 21 11 4 
1 1 0 5 3 6 9 19 135 593 36 15 5 4 3 1 2 1 1 2 0 0 0 0 0 0 0 0 0 0 0 0 0 0 0 0 0 0 0 0 0 0 0 0 0 0 0 0 0 0 0 0 0 0 0 0 0 0 0 0 0 0 0 0 0 0 0 0 0 0 0 0 0 0 0 0 0 0 0 0 0 2 1 1 2 1 3 4 5 15 36 593 135 19 9 6 3 5 0 1 
0 6 1 2 0 3 12 0 33 125 21 2 0 1 1 0 3 11 3 6 4 3 0 4 1 6 8 3 0 0 6 11 3 0 0 1 5 5 5 1 0 0 3 2 0 1 4 2 1 0 1 0 1 2 4 1 0 2 3 0 0 1 5 5 5 1 0 0 3 11 6 0 0 3 8 6 1 4 0 3 4 6 3 11 3 0 1 1 0 2 21 125 33 0 12 3 0 2 1 6 
0 0 0 0 0 0 1 2 21 56 4 1 1 1 0 0 0 0 0 0 0 0 0 0 0 0 0 0 0 0 0 0 0 0 0 0 0 0 0 0 0 0 0 0 0 0 0 0 0 0 0 0 0 0 0 0 0 0 0 0 0 0 0 0 0 0 0 0 0 0 0 0 0 0 0 0 0 0 0 0 0 0 0 0 0 0 0 1 1 1 4 56 21 2 1 0 0 0 0 0 
2 7 16 13 66 61 100 260 758 1433 681 191 768 290 57 35 12 1 2 1 0 0 1 3 1 2 0 0 0 1 1 0 2 0 0 0 0 0 0 0 0 1 2 0 0 0 0 1 1 0 0 0 1 1 0 0 0 0 2 1 0 0 0 0 0 0 0 0 2 0 1 1 0 0 0 2 1 3 1 0 0 1 2 1 12 35 57 290 768 191 681 1433 758 260 100 61 66 13 16 7 
0 2 3 4 8 6 9 15 48 57 16 6 24 138 18 4 1 1 1 2 1 5 1 1 1 1 2 1 0 0 1 1 0 0 1 0 0 0 1 0 0 0 0 0 0 0 0 0 0 0 0 0 0 0 0 0 0 0 0 0 0 0 1 0 0 0 1 0 0 1 1 0 0 1 2 1 1 1 1 5 1 2 1 1 1 4 18 138 24 6 16 57 48 15 9 6 8 4 3 2 
